SCD 1                   
1 22490U 93009B   23297.62821922  .00000549  00000+0  10178-3 0  9990
2 22490  24.9701  50.9526 0042670 355.9058  26.6365 14.45045140621109
TECHSAT 1B (GO-32)      
1 25397U 98043D   23297.44533181  .00000181  00000+0  98858-4 0  9993
2 25397  98.8867 256.1154 0002286 106.4204 253.7225 14.23930514313727
SCD 2                   
1 25504U 98060A   23297.63277859  .00000599  00000+0  11893-3 0  9996
2 25504  24.9957 268.7928 0017036 356.9494 164.0062 14.44537892320363
LANDSAT 7               
1 25682U 99020A   23297.59887834  .00000583  00000+0  12973-3 0  9998
2 25682  97.9168 330.2793 0001431  79.0896  72.7689 14.60291140304600
DLR-TUBSAT              
1 25757U 99029B   23297.49654460  .00000249  00000+0  73559-4 0  9993
2 25757  98.5508 251.6899 0015394  55.1719 305.0921 14.51738669292950
TERRA                   
1 25994U 99068A   23297.66543166  .00000710  00000+0  15950-3 0  9991
2 25994  98.0812   2.7691 0002579  51.5667 100.2428 14.59390810268549
MAROC-TUBSAT            
1 27004U 01056D   23297.38237147 -.00000006  00000+0  45002-4 0  9994
2 27004  99.7007  84.6418 0020633 101.6663 312.9310 13.70186353 93788
AQUA                    
1 27424U 02022A   23297.63917553  .00001439  00000+0  32009-3 0  9990
2 27424  98.2999 241.7008 0001904  95.7508  76.8360 14.58473838142184
IRS-P6 (RESOURCESAT-1)  
1 28051U 03046A   23297.60321861  .00000307  00000+0  12175-3 0  9997
2 28051  98.3450 358.3560 0058196 347.5952 174.3169 14.34464153 41822
SHIYAN 1 (SY-1)         
1 28220U 04012A   23297.46429212  .00006502  00000+0  43295-3 0  9992
2 28220  97.9869 310.7931 0011603 110.3202 249.9272 15.07429073 64281
AURA                    
1 28376U 04026A   23297.57411776  .00001397  00000+0  31497-3 0  9995
2 28376  98.2223 239.5753 0001792  83.5804 276.5599 14.57876507 25195
IRS-P5 (CARTOSAT-1)     
1 28649U 05017A   23297.58417368  .00001545  00000+0  18358-3 0  9999
2 28649  97.6516 345.4578 0002420  63.1529 296.9934 14.85794651    18
SINAH 1                 
1 28893U 05043D   23297.61358732  .00000681  00000+0  14407-3 0  9993
2 28893  98.1689  58.6785 0016131  66.4924 293.7971 14.62311379959159
EROS B                  
1 29079U 06014A   23297.56909112  .00020458  00000+0  86892-3 0  9998
2 29079  97.3371  53.8794 0013634 235.2501 124.7453 15.23010016971596
RESURS-DK 1             
1 29228U 06021A   23297.43339282  .00002610  00000+0  18750-3 0  9991
2 29228  69.9347 308.1507 0004771 340.7203  19.3778 15.05600036956668
ARIRANG-2 (KOMPSAT-2)   
1 29268U 06031A   23297.60417059  .00000463  00000+0  98515-4 0  9996
2 29268  97.8872 151.4515 0013464 255.3291 125.5376 14.63260449920040
LAPAN-TUBSAT            
1 29709U 07001A   23297.56205594  .00001059  00000+0  13561-3 0  9997
2 29709  98.0375 265.7033 0014125  90.0324 270.2508 14.83383185907710
CARTOSAT-2 (IRS-P7)     
1 29710U 07001B   23297.39044674  .00075172  00000+0  59049-3 0  9998
2 29710  97.9015  88.8821 0069082  87.2892 273.6272 15.68050693912439
HAIYANG-1B              
1 31113U 07010A   23297.47718000  .00000159  00000+0  76945-4 0  9996
2 31113  98.2971 305.3722 0013591 183.1734 176.9366 14.30487307862398
COSMO-SKYMED 1          
1 31598U 07023A   23297.64667691  .00000833  00000+0  11126-3 0  9993
2 31598  97.8875 119.2586 0001339  89.1347 271.0019 14.82148709886086
TERRASAR-X              
1 31698U 07026A   23297.44315461  .00002292  00000+0  11232-3 0  9999
2 31698  97.4459 302.9968 0001932  84.9475 275.1980 15.19143307906456
WORLDVIEW-1 (WV-1)      
1 32060U 07041A   23297.58024339  .00009037  00000+0  37073-3 0  9991
2 32060  97.3867  55.4307 0000757 212.0705 148.0487 15.24464840895678
YAOGAN 3                
1 32289U 07055A   23297.59840184  .00002320  00000+0  28798-3 0  9996
2 32289  97.9124 320.1679 0001490  76.5068 283.6312 14.83586027862175
COSMO-SKYMED 2          
1 32376U 07059A   23297.54541817  .00000825  00000+0  11014-3 0  9994
2 32376  97.8876 119.1593 0001363  86.0034 274.1335 14.82148984858815
RADARSAT-2              
1 32382U 07061A   23297.53047279  .00000132  00000+0  68275-4 0  9999
2 32382  98.5801 302.3203 0001147  90.3963 269.7351 14.29985196827809
CARTOSAT-2A             
1 32783U 08021A   23297.53990944  .00001205  00000+0  17121-3 0  9992
2 32783  97.9013 355.8051 0012754  12.9174 347.2361 14.78665311835941
HUANJING 1A (HJ-1A)     
1 33320U 08041A   23297.56025311  .00002153  00000+0  29823-3 0  9997
2 33320  97.6406 311.4138 0022095  65.2205 295.1303 14.78799350815273
HUANJING 1B (HJ-1B)     
1 33321U 08041B   23297.57078352  .00001298  00000+0  17841-3 0  9998
2 33321  97.6403 315.8706 0040400 108.2307 252.3309 14.79380776815293
GEOEYE 1                
1 33331U 08042A   23297.56327014  .00000859  00000+0  17129-3 0  9992
2 33331  98.0743   9.4120 0007254 170.8220 189.3116 14.64396888808664
THEOS                   
1 33396U 08049A   23297.56005015  .00000100  00000+0  67261-4 0  9996
2 33396  98.6905   3.1197 0000954  91.9055 268.2231 14.20053416780770
COSMO-SKYMED 3          
1 33412U 08054A   23297.55630066  .00004218  00000+0  38981-3 0  9990
2 33412  97.8856 127.6915 0015416 283.8352  76.1153 14.95049642811903
YAOGAN 4                
1 33446U 08061A   23297.40943685  .00001955  00000+0  27237-3 0  9990
2 33446  97.8585 229.2426 0015113 339.9962  20.0655 14.78806642802557
GOSAT (IBUKI)           
1 33492U 09002A   23297.32639673  .00000830  00000+0  15461-3 0  9994
2 33492  98.0218  48.5207 0001365  99.5708 260.5650 14.67574625789656
YAOGAN 6                
1 34839U 09021A   23297.48971167  .00012572  00000+0  32578-3 0  9999
2 34839  97.1423 264.0147 0019911 327.8036  32.1993 15.38957327806932
DEIMOS-1                
1 35681U 09041A   23297.60068204  .00000850  00000+0  14028-3 0  9996
2 35681  97.6790 127.3298 0002864  79.1181 281.0349 14.72761680764480
DUBAISAT-1              
1 35682U 09041B   23297.63525426  .00001668  00000+0  28253-3 0  9997
2 35682  97.8743  76.3145 0010005 293.6077  66.4079 14.70532250762804
OCEANSAT-2              
1 35931U 09051A   23297.55902420  .00000207  00000+0  16800-3 0  9992
2 35931  98.3017   3.8165 0017725  82.7984 277.5196 13.99404452744120
WORLDVIEW-2 (WV-2)      
1 35946U 09055A   23297.59081614  .00000260  00000+0  10114-3 0  9990
2 35946  98.4397  10.0497 0000331 215.0777 145.0388 14.37518688736798
SMOS                    
1 36036U 09059A   23297.49705386  .00000488  00000+0  16976-3 0  9997
2 36036  98.4422 122.8808 0001342  93.4069 266.7273 14.39750337734356
YAOGAN 7                
1 36110U 09069A   23297.20897391  .00000853  00000+0  13189-3 0  9997
2 36110  98.1356 166.8834 0024346 268.1556  91.6864 14.75738310746890